ID,class1,class2,class3,class4,class5,class6,class7,class8,class9
1,0.11691906190833098,0.11144748576272481,0.10138163637967978,0.10723698299141733,0.10524094532302027,0.10764833924720334,0.14928875673005548,0.10046704526566719,0.10036974639190084
2,0.13174529211232888,0.10425605922351218,0.09949344086342808,0.11558199424091527,0.10259107584376397,0.10237604981829895,0.14679793248744694,0.09865818778426556,0.09849996762604017
3,0.12018923223645786,0.11024232296646394,0.10286248796812003,0.1243030554672561,0.1061009157126634,0.10633287735093022,0.125154633562001,0.10297890591168901,0.1018355688244184
4,0.10759298891283711,0.10674445498608556,0.09967659867059767,0.14596964068683738,0.10155241964532909,0.10876603117026502,0.13337479719531348,0.09820922231661015,0.0981138464161246
5,0.11917117225625955,0.10991590545062897,0.10192729588924557,0.11192953944401499,0.10452674916094032,0.10487892213496346,0.14500321338216274,0.10145183301866142,0.10119536926312298
6,0.12660254268505156,0.1082705789962293,0.10171848197941002,0.12178501623972957,0.10438210987460443,0.11161524076230178,0.1221572382488346,0.10276560929891435,0.10070318191492438
7,0.10683388572726152,0.11472452370608968,0.09934404597525345,0.12747956769197416,0.1017945125983434,0.1102596473184551,0.14175648988289574,0.09945549984174067,0.09835182725798618
8,0.12782832782901804,0.11055610190070109,0.10207645140003993,0.12987945667230333,0.10615999105293712,0.11445855401323439,0.1068281733957466,0.10115560118635417,0.10105734254966534
9,0.12966914565264023,0.11017445805945343,0.10152403630808846,0.12427790087571707,0.1042017955143161,0.11138899338599813,0.11175182729125846,0.10650135853602098,0.10051048437650711
10,0.11112150379489008,0.11721241487614738,0.09853653598195587,0.10882971536487177,0.10226838141622765,0.10160169201533142,0.16495056076269457,0.0976473243575313,0.09783187143034995
11,0.11479351676648013,0.11195190656594611,0.09964217105565601,0.1309580591013374,0.10210124002581515,0.10936486750999201,0.13379821196055003,0.09874295321432441,0.09864707379989876
12,0.10564705143740398,0.10907071170852449,0.10031455205665911,0.10506371617077863,0.12070052325170524,0.10691625554431419,0.14613663932217352,0.09964965843204207,0.10650089207639875
13,0.1261549864677995,0.11480542749514636,0.09767240678636703,0.10666415102369467,0.10066589869017854,0.10717808558990352,0.13479475730454832,0.096791033683461,0.11527325295890108
14,0.1109066776436414,0.10970027776826193,0.09900155747503998,0.10940711629479338,0.10134196337167531,0.10867526982043749,0.1460419947902158,0.09810843703821873,0.11681670579771597
15,0.120266695317083,0.11603271834433018,0.09711960449918071,0.1037236374181226,0.10033504304873268,0.10656980941952099,0.16350913026761593,0.09629335045904956,0.09615001122636428
16,0.1245050335303854,0.11970014894869227,0.0991916875509623,0.11398655511621163,0.10381746227199813,0.10882094014733057,0.13347999968943852,0.09829681025289458,0.09820136249208654
17,0.11262463301892227,0.11014943268300381,0.10390985844228866,0.11676621397335873,0.10696609637647328,0.11489694818277374,0.12884165739819914,0.10297256345661283,0.10287259646836751
18,0.12119437011844444,0.10978879839775046,0.10012746259014604,0.11172380150641055,0.10306905046871076,0.1063061769519845,0.1494383551296888,0.09922424448467673,0.09912774035218766
19,0.10221107770653992,0.11545372612827613,0.09896138320400705,0.12454844492121016,0.10129998152434475,0.1018278000964609,0.15965607083036462,0.09806841525653281,0.09797310033226372
20,0.12187809773467526,0.11700815741433304,0.09722674522961264,0.10872551384301746,0.09962777694508747,0.10718775542678341,0.15508051892346145,0.09700952082209578,0.09625591366093353
21,0.10440577399972673,0.11010770421814449,0.09899552271869591,0.12225402064044932,0.10133444462633331,0.10862338099062079,0.15816998882924413,0.0981022934817922,0.09800687049499314
22,0.12528451185414424,0.10970319644570978,0.09918763683817271,0.13544623555978755,0.1197382220166282,0.10206124914836542,0.11208823806888793,0.09829303989898151,0.09819767016932257
23,0.11488752162337441,0.10685194597885232,0.10076683941987297,0.11263246913866068,0.10390558770981775,0.10368497491806775,0.15765248871319598,0.0998575814749028,0.09976059102325538
24,0.11203119649196366,0.112272613545961,0.11407857565042985,0.10660468077498017,0.1124273857538943,0.11137434113896602,0.13013553006352171,0.10061253832966033,0.10046313825062299
25,0.1255189809896932,0.12203997395150526,0.09896274441399144,0.11361084052964994,0.10140616199472523,0.10860496950963021,0.13381147736413262,0.09807011088401586,0.09797474036265626
26,0.10673689400235549,0.11986101230890218,0.0979180556695072,0.1154524744639076,0.11357488028155974,0.10581641922863043,0.14666515987727438,0.0970347129787055,0.09694039118915743
27,0.10572132435799994,0.10797479379272394,0.09974129800715027,0.14214089881251585,0.12006959456931288,0.1026296103020194,0.12413540088352044,0.09884151431836985,0.09874556495638748
28,0.12374434273180397,0.10671006676271524,0.10153429025822155,0.13644789943736965,0.10399102135738085,0.10403015449279818,0.12222786219015117,0.10122130721175422,0.10009305555780512
29,0.11811968237310758,0.10838887337981969,0.10059444577428467,0.1315638776050298,0.10307998088232787,0.10350799960019583,0.13519956002573108,0.09995537060260076,0.09959020975690275
30,0.10965939775499997,0.1162790222093691,0.10434423830819502,0.10910816141654414,0.10627574708130945,0.1143981349583418,0.13448078887486736,0.10277714928262612,0.10267736011374706
31,0.1294936614886392,0.1214047681820487,0.09934817474128407,0.11915153854823857,0.10390458706540455,0.10596201809189665,0.11016662476945009,0.10499094319089389,0.10557768392214426
32,0.1051733363372436,0.11914179901335346,0.10121751539269674,0.11520477886446501,0.10738237535232938,0.11140734757362766,0.13996190558002913,0.10030419409200401,0.10020674779425101
33,0.11033873870163244,0.11470484738980787,0.09585232370632442,0.1271680525709848,0.09921226546861242,0.09862810261081026,0.1642128953060434,0.09498747958117332,0.09489529466461108
34,0.10731637227134447,0.11396953276988472,0.10192969179667224,0.11878851962165812,0.10444932717832045,0.10520602711114575,0.14641817958827197,0.10101022244626826,0.10091212721643406
35,0.12322990748047565,0.10184382185245684,0.0942179229725423,0.1397005713587892,0.12130476261915346,0.11060172866864493,0.1226429748430294,0.09327438495881889,0.09318392524608939
36,0.12987014276251604,0.1211930072174009,0.0971089711802228,0.11281491107051485,0.09940429214021815,0.10658408154862145,0.12218442478665892,0.09623278528570371,0.11460738400814316
37,0.13616538867190484,0.10628055479432748,0.09882339393377328,0.1311046474159387,0.10226079425210666,0.11018365292462554,0.11907055567420308,0.09799508119326678,0.09811593113985366
38,0.11145731441002933,0.11713552980433548,0.09750250767106475,0.14144935540681236,0.10048836661994358,0.10696785454808991,0.13184681264409448,0.09662305544908009,0.09652920344655
39,0.10935750829266866,0.11289774861182625,0.10437333017187711,0.11976684832604334,0.10704674959359828,0.10739709388676968,0.1321122306913729,0.10343160422186548,0.10361688620397828
40,0.11147374429512676,0.11476723154869028,0.10592564232004134,0.11469965656192922,0.1084292536072681,0.10899382296040394,0.12479289057775293,0.10604972349457079,0.10486803463421672
41,0.11107011001245996,0.11600944355796035,0.09745120987379172,0.11522957039720201,0.11273039092076072,0.10337644153881068,0.15127364059688414,0.09647641409169337,0.0963827790104371
42,0.1019141009988757,0.11441679734130453,0.09665224258408354,0.13391862404138152,0.10099952796129619,0.12426652994433211,0.13636452813596345,0.09578034794365756,0.09568730104910536
43,0.11895606435141355,0.11694347100482025,0.09780588345283793,0.12856704113149858,0.10017662596385679,0.10729137449320802,0.13428491050438238,0.09769169667155074,0.09828293242643174
44,0.12476588948657982,0.12791957776610957,0.09530928507521899,0.13665812575696562,0.0976610109010721,0.0980712743988501,0.13080811489618954,0.0944492364517513,0.094357485267263
45,0.1320386359360079,0.1085617752768182,0.10398220685280701,0.11487927039724652,0.10570417501030852,0.10761849278717686,0.12613604008765336,0.10044443464733496,0.10063496900464666
46,0.11206681216284875,0.11795155000447907,0.09783459758053652,0.12407315222911167,0.10875371174182066,0.10736927073235943,0.1381411031420976,0.09695187268623959,0.0968579297205067
47,0.1208303780463541,0.12315235338085499,0.10040589631044913,0.1057236138433724,0.10277883743257601,0.10331274470018807,0.14489286861316436,0.09949997975974152,0.09940332791329934
48,0.1275348634485283,0.10887047196879415,0.1019031898510204,0.11957069240426181,0.10455806869225714,0.10485581194362652,0.1305654779124126,0.10125554790435325,0.10088587587474578
49,0.106477090561547,0.11116745336384201,0.10070803892385308,0.11039799299684547,0.10308843570061876,0.11051053441533291,0.15814781717116438,0.09979979702329005,0.0997028398435064
50,0.11620821077709269,0.11652016409567516,0.0986553084271104,0.104091623896241,0.1010912991234328,0.10197186474421586,0.16562861328022221,0.09816254942704908,0.09767036622896078
51,0.12926346874823486,0.11140254786456702,0.10336847028190703,0.11479468370107315,0.10592017901142406,0.10707293856301556,0.12304604207162384,0.10250067964600665,0.10263099011214787
52,0.12174058796614418,0.1116438985110724,0.10108241359513151,0.11133945281046072,0.10439610087036214,0.10401156893777112,0.14554210305011134,0.10017054196893797,0.1000733322900087
53,0.10208809231649182,0.10363287318166672,0.09750620703961527,0.14946858120373213,0.0999737494299208,0.10710186500816554,0.14680583646649276,0.09688982139351378,0.09653297396040127
54,0.11348699125305446,0.1205181187103376,0.10057862229638663,0.11029121405979003,0.10440347516059867,0.11010761191769787,0.14136853169902075,0.09967121991535612,0.09957421498775784
55,0.1308092741389255,0.11403288186518715,0.09903921825394531,0.12692783257734871,0.10167030944264546,0.1019091108778281,0.12941505501491,0.09814578736120079,0.098050530468009
56,0.10526500919409414,0.11391650123308712,0.10260013304582598,0.12001723422914831,0.10513503792470047,0.105571622107971,0.14424433087065033,0.10167437763606404,0.10157575375845855
57,0.11080807275743401,0.11032525404795332,0.10266311098226392,0.12727403455623398,0.10529400402465942,0.11268412307116424,0.1270448490987136,0.10218440071487664,0.10172215074670088
58,0.10489385025384475,0.1179292447238306,0.09866464665400475,0.1421513604741203,0.10376696150406332,0.10475873995562254,0.12487904255851168,0.09810485300559504,0.10485130087040699
59,0.10836040597560621,0.116781563642958,0.10342422575012455,0.11300837991263679,0.10597863390474979,0.11350497909047041,0.1340587803132353,0.10249125158094037,0.1023917798292785
60,0.11840366531709634,0.11229907159397601,0.10102645358062452,0.11477093038350827,0.1063292507941113,0.11087192025322459,0.13616534180394327,0.10011536721522003,0.10001799905829567
61,0.12017507236341148,0.1155285809025858,0.09793028891894309,0.12638797522657577,0.1002448013365241,0.10396635722483502,0.1384027528343001,0.09737697886874648,0.09998719232407824
62,0.10823832547530296,0.11454631374180661,0.11536166234429523,0.1098916570510297,0.10621058177401048,0.11313891079713008,0.12925453401042383,0.10165889746352288,0.1016991173424782
63,0.12128436430827072,0.10907209695036293,0.09944407978138503,0.10983512641693158,0.10189941400795788,0.10967037109756698,0.14951101814359422,0.10083210192930825,0.09845142736462245
64,0.11599081316756558,0.10687971534481859,0.09869139954190023,0.13723377508960313,0.10291817027109458,0.10832235773260974,0.11565400086137914,0.09785179370606749,0.11645797428496155
65,0.11840366531709634,0.11229907159397601,0.10102645358062452,0.11477093038350827,0.1063292507941113,0.11087192025322459,0.13616534180394327,0.10011536721522003,0.10001799905829567
66,0.10656791947400646,0.10715235362784514,0.10127184646258891,0.14110596601833175,0.1036659790356687,0.10420432334151239,0.1354128129894617,0.1003581098114645,0.10026068923912043
67,0.11952364894786113,0.10451268583770867,0.0961240230772522,0.138657357883092,0.09931441754715346,0.10599997566490918,0.14544645636859807,0.0952569657842399,0.09516446888918535
68,0.12251118007882744,0.11682282752185458,0.09822099706540076,0.11109490074811405,0.10064796107212162,0.10776451809599055,0.14836271266762607,0.09733469874075389,0.09724020400931108
69,0.10508934516148608,0.10667632318607465,0.09989081086662008,0.1120939148315753,0.11600798647824484,0.10278446063841377,0.15957417219226916,0.09898952660423252,0.09889346004108365
70,0.11003730211036489,0.11345552442480786,0.10463955231295852,0.1178277966384376,0.10711647670972797,0.10756309189558848,0.13227758321021085,0.103591658378383,0.10349101431952075
71,0.13255029372547922,0.11472485183536299,0.10256023053998838,0.11442466219790451,0.10687059345253255,0.1055314503185886,0.12016625842923354,0.10163508646792277,0.1015365730329875
72,0.1293877224944353,0.11299390730047931,0.10221065330487282,0.11166990242061266,0.10473329989831504,0.11247717766067622,0.12404856994332039,0.10128857180992064,0.1011901951673676
73,0.11630367875470123,0.11563093378892933,0.09803110636272763,0.1035989158135342,0.10034713050700657,0.10755350274028785,0.16284215107287653,0.09791254510504303,0.09778003585489366
74,0.10301658062715177,0.11918469433710252,0.10064463875337144,0.10770587203315012,0.10302370038237003,0.1035616902289103,0.16348627745559663,0.09973669776202576,0.09963984842032145
75,0.12572606343500853,0.11066201894955092,0.10296510946022575,0.11541482514798138,0.10636658373511192,0.10647196760922246,0.1281454412511328,0.10231090299803185,0.10193708741373439
76,0.1149190616410396,0.10882233368237393,0.10128295696464178,0.11244006280893504,0.10391976292859376,0.10451959385375502,0.1534556904235989,0.10036894857617959,0.10027158912088227
77,0.13374398976792373,0.11582435587360643,0.10134528456346563,0.11690483544312331,0.10374121254591648,0.10428091254279984,0.12339517474447295,0.10043081053329364,0.10033342398539799
78,0.1241708199167546,0.10576368284200724,0.09780875644768412,0.12500051008849067,0.10058330275569391,0.10734015868893801,0.12673345267554312,0.09718760934082338,0.11541170724406494
79,0.12108264813617191,0.11109874842750159,0.11341926026243501,0.11399463907559004,0.10711573914274539,0.10649643529632444,0.12176501480767632,0.10256356899022716,0.10246394586132808
80,0.11016878382678626,0.11437733372075938,0.10518989375781669,0.12011230452143946,0.10778706276205381,0.10823704431727606,0.12574753251550405,0.10424059731749716,0.10413944726086717
81,0.10901540944257027,0.11576613243029102,0.09992701711308963,0.12877062184097293,0.10299128999593354,0.10963879387080586,0.13532968752651478,0.09963182178199376,0.09892922599782818
82,0.12395325361865521,0.11020286144889493,0.09971398337772978,0.11577228206992082,0.10627392092405967,0.10619205377966123,0.12141438473798116,0.09881468325177152,0.11766257679132563
83,0.10896357017576538,0.11307428257451761,0.1015963488905117,0.11012128269360284,0.10485169306297448,0.11146476655621755,0.1485496304136324,0.10079660953799544,0.10058181609478263
84,0.12358943814018841,0.11288422890780325,0.09771290679516366,0.115158310694888,0.10065105386200827,0.1005433435010001,0.15490069100812298,0.09782307608115763,0.09673695100966771
85,0.11408508353894779,0.1049620758757436,0.09838308765064904,0.11322900186763592,0.10207331654418231,0.1082867390847991,0.14540537534567546,0.09749539035053581,0.11607992974183093
86,0.10361613407213162,0.11660236447640886,0.10061292130730255,0.11839918541627611,0.10309666798779742,0.10352880255455021,0.1337588840745291,0.10166869762108614,0.11871634248991794
87,0.1381314905007502,0.11214912907793999,0.10355507609897555,0.11510434193327568,0.10604262878904394,0.1114929214865193,0.10838260536721038,0.10262071940301738,0.10252108734326759
88,0.12018160268392405,0.10856332324101228,0.10115129186284258,0.13057217875006394,0.10354202580995191,0.10408149064122871,0.13152737503706374,0.10023898707713792,0.10014172489677484
89,0.0995197052547051,0.11539849213242284,0.09698433926991037,0.13706135237483302,0.09937954011410235,0.09979388545870257,0.15973787253398833,0.09610906254896082,0.09601575031237458
90,0.11265708175331823,0.11366028310831286,0.10393652928001429,0.1106265099486756,0.10650225814107761,0.11462081754341846,0.13209873878730014,0.10299889621524128,0.10289888522264148
91,0.12681141701019535,0.11034549006627267,0.10039817081933222,0.10835441522599751,0.10422486198899912,0.10760580300150217,0.12430736645209702,0.09949241029621873,0.11846006513938512
92,0.1215087024154177,0.10871389829973063,0.10082336021778862,0.12349031098581817,0.10573596621947771,0.11238027119331102,0.12233721168632125,0.10519384405516734,0.09981643492696761
93,0.12260535594796038,0.10734673698830857,0.09961780085347156,0.12926651990460628,0.10200943668490145,0.10928725150612321,0.1325244414515213,0.09871909137383483,0.09862336528927243
94,0.11838784861643822,0.1135326422425541,0.09789354035891605,0.14277161496327606,0.09875137844856241,0.10242067795116597,0.13513247028111752,0.09560133855006361,0.09550848858790602
95,0.11740802378123341,0.111538987807968,0.10284174844393176,0.12225220887581975,0.10534658068657121,0.11283368809247625,0.12404994036686676,0.101913848604021,0.10181497334111192
96,0.10730228721392483,0.12660306636899668,0.11021531608504453,0.10875835560527172,0.10407069978740147,0.10989871649802292,0.12981464015346206,0.10134413434647782,0.10199278394139784
97,0.10902543581017494,0.11890794229941921,0.10147843381995622,0.12309036078748518,0.1048180777669021,0.1044188276279188,0.13723273866152855,0.10056294673319292,0.10046523649342202
98,0.12765098981918305,0.10848623780337327,0.09982712235587335,0.13804445231320453,0.10294126326026247,0.10956588276349151,0.11572707149754069,0.09892654131129061,0.09883043887578048
99,0.10679063162812993,0.11178662010290592,0.11503807903606653,0.10901002840326228,0.10476976908878374,0.10906891112447678,0.14098799838887438,0.10132322609042639,0.10122473613707395
100,0.11242469497316343,0.11153832253137053,0.10299288660917127,0.11673920259639785,0.11540175456247218,0.10925151055507606,0.12782590477964095,0.10196231924323045,0.10186340414947734
101,0.12641291415165307,0.11101411324676855,0.0984345267233354,0.11498757417003296,0.11702833590014358,0.10449064942667412,0.13235472416044897,0.09754620826691598,0.09773095395402734
102,0.11658053913886743,0.11790053559648547,0.10237963826337368,0.1169075734937697,0.10498513652576802,0.11236197778309909,0.12607126655006187,0.10145588234527281,0.10135745030330197
103,0.13227643066929562,0.11409963987210694,0.10217718155371132,0.127292524847162,0.10530545682003578,0.10513711600640223,0.11123265620016336,0.10132174639356213,0.10115724763756065
104,0.11977690765443445,0.11865599110133754,0.09923491872415895,0.10567810048215229,0.1016409013492177,0.10888800252603092,0.14729520830110648,0.0991174318224873,0.09971253803907432
105,0.13605966322045596,0.11885917413673526,0.09916711129176389,0.11732186214955542,0.10161947727021692,0.10879599162932754,0.1217275647981388,0.09827221207305911,0.0981769434307472
106,0.1243989532411934,0.11665002013830623,0.0969281436030828,0.10303454545652566,0.09932216574763097,0.10291406842360942,0.16395484827268897,0.09670482454809717,0.09609243056886532
107,0.11607424027663145,0.10178711015099613,0.09521264514437074,0.11855335017799044,0.11612532680483915,0.13001747408476494,0.1155640767630974,0.09435308372375352,0.11231269287355614
108,0.11238603431125452,0.1073638585980498,0.09915197968863311,0.11566589948370234,0.10333250378223349,0.1020254172619706,0.14486255476944254,0.09825700782719628,0.11695474427751736
109,0.12269007521168125,0.11316875682642506,0.0958591768448005,0.13273854350479997,0.09822700348892886,0.09863562031968456,0.13031908957865665,0.09525225830175192,0.11310947592327121
110,0.11297517028611548,0.11558143682951452,0.1047733984972385,0.11680068415355027,0.1078558797676025,0.10780976936280022,0.12664785001174428,0.10382831799410093,0.10372749309733331
111,0.10381860813346493,0.1194910912307118,0.09823892822143357,0.11588468770773,0.10075995622279585,0.10776179107288406,0.1534110841195052,0.10337555941214249,0.09725829387933209
112,0.1304569167194048,0.1131542957761011,0.10518424448514788,0.1152075629831482,0.10763495886011976,0.111677107855635,0.10831544395635657,0.1042353455825488,0.1041341237815379
113,0.13671289317676807,0.10895567752134058,0.09999604579839429,0.1353261968812371,0.10293200658567667,0.10321012618528695,0.11471314978772118,0.09915625265135096,0.09899765141222419
114,0.1323017584167181,0.10646110701509151,0.09717135999085956,0.11642015755356017,0.09946821519924398,0.10665121192015947,0.12954647888994028,0.0972832117923646,0.11469649922206226
115,0.10250161931277244,0.11809224777340228,0.09981786766681028,0.10529937665701328,0.10275306235536705,0.10953513277972979,0.16426201110016378,0.0989173761416869,0.09882130621305421
116,0.13625241534976476,0.10751140961889458,0.09900662092033008,0.12262098198709408,0.1008750302348379,0.10706755611238908,0.11486318989432989,0.09668488678559825,0.11511790909676142
117,0.11620748143114275,0.11675520718790056,0.09836405919199274,0.13553668364376645,0.10538874069041493,0.10749281940232187,0.12524843179929565,0.09762451747320852,0.0973820591799565
118,0.123694919621461,0.1308323297337759,0.0993780677943833,0.12546946939964815,0.10236620284095428,0.10225756259856919,0.11835985543251995,0.09925591847177034,0.09838567410691791
119,0.10822910586285517,0.10254113420848669,0.09500433111700014,0.14690704926452508,0.09694435793549276,0.10381109611638403,0.13754584967655054,0.09687045571502789,0.11214662010367768
120,0.1299803069393707,0.11170743183409135,0.1005605573458869,0.10847694925059692,0.1029433093342919,0.10915131326577472,0.13816447790597866,0.09955613951324274,0.09945951461076613
121,0.12078431733582844,0.1077635718838091,0.103071059744305,0.1094666849519665,0.105617662258078,0.11321580098425188,0.13589767430702498,0.1021410991779534,0.10204212935678265
122,0.10636054676586468,0.12060436361606841,0.10114942922947172,0.11104837950317395,0.10440243399851099,0.11152753976645717,0.14453136520035859,0.10023667869726387,0.10013926322283058
123,0.1147876652406042,0.11216402661568883,0.11155515987579274,0.1095901369487948,0.10169916649703167,0.10887401781767439,0.14472068257396756,0.09835236256318838,0.09825678186725743
124,0.1317672373951989,0.1172764825577628,0.09662692626744138,0.11003450893212527,0.09901395445111824,0.12825809565820606,0.12560513980359614,0.09575525488453539,0.09566240005001583
125,0.1053312286469144,0.11602852847499434,0.0989065078550479,0.10726161279999007,0.11964105627144424,0.10177192467531426,0.15512567576025577,0.09801434942819012,0.0979191160878489
126,0.11749896776163034,0.11912384439264456,0.10127581472283893,0.11166015822024207,0.10541233184506474,0.11113263940662174,0.13326985779806255,0.1003618682160293,0.1002645176368658
127,0.1350079950086993,0.1113707249313669,0.10082569598362794,0.13439582853300855,0.10357913963951437,0.1037462132704509,0.11105239138022735,0.0999162672840993,0.10010574396900533
128,0.12008353245732248,0.10974600199615721,0.09886783028535322,0.11218802987980836,0.10203616358182725,0.10496890913179084,0.15625235359511996,0.09797613829791516,0.09788104077470555
129,0.129096826296914,0.1128563762149791,0.10171230476169953,0.11322082277707919,0.10385976660515746,0.11248987601347867,0.1205069908753428,0.10401270683107045,0.10224432962427876
130,0.127393371605237,0.10794281026967592,0.09901505400153131,0.11233489216490034,0.10155572402083277,0.10865101903432128,0.14591227379361432,0.09837801670982278,0.0988168384000643
131,0.10201240524010742,0.11686930506243358,0.0989505936526686,0.12113921982932671,0.09991742941936037,0.10702056941290702,0.1609265986120197,0.09662885165646304,0.09653502711471353
132,0.11895606435141355,0.11694347100482025,0.09780588345283793,0.12856704113149858,0.10017662596385679,0.10729137449320802,0.13428491050438238,0.09769169667155074,0.09828293242643174
133,0.11014721548353787,0.10947654665322668,0.10472497953186735,0.11686796130405572,0.10729901122889807,0.11490700400287779,0.12911788865694046,0.10378004245515984,0.10367935068343619
134,0.1325521429591034,0.10916237970902842,0.10181652195718949,0.12319403758272066,0.10507425247694575,0.10476585527226594,0.12070599566511123,0.10192896358350859,0.10079985079412661
135,0.11166751401271713,0.11578771354853387,0.10529568000326708,0.11403920914887697,0.10871829165371978,0.11212127546507464,0.12377964706128494,0.10434597794464381,0.10424469116188173
136,0.10639454650929112,0.11208914268143635,0.10295663708283054,0.10956598503452246,0.10687705566807229,0.10594067250349652,0.15221964398312976,0.10202770207751602,0.10192861445970487
137,0.10752766681232595,0.12225126909175969,0.1026825298825667,0.11205610493223764,0.11357026013778695,0.10897535290416098,0.1299098788427162,0.10190435160826931,0.10112258578817664
138,0.10547596433201481,0.11004278773827283,0.09967774458719973,0.11335478618141374,0.11114344221252033,0.11158782490629696,0.15145499796923245,0.09867915729081579,0.09858329478223334
139,0.11080807275743401,0.11032525404795332,0.10266311098226392,0.12727403455623398,0.10529400402465942,0.11268412307116424,0.1270448490987136,0.10218440071487664,0.10172215074670088
140,0.13324037676773526,0.1073803220240627,0.09960424979536309,0.12710782430083647,0.11954804148766134,0.10295939441337823,0.11284453569554893,0.09870556510211327,0.09860969041330067
141,0.11737588805822463,0.11056699590666871,0.10075605888658504,0.10734779728471282,0.10863840637502058,0.11110840896114797,0.14460945368556938,0.09984691454216692,0.09975007629990394
142,0.10874135974328547,0.11037782027899143,0.10332988684485271,0.1330951813197935,0.10577318007429684,0.10632253834172511,0.12766401497219376,0.1023977239791879,0.1022982944456734
143,0.13096450776786808,0.10586047308597342,0.10000182822756676,0.11311416693533571,0.1022806560236009,0.10897445417429323,0.14108372438363503,0.0994407350243116,0.09827945437741528
144,0.10489385025384475,0.1179292447238306,0.09866464665400475,0.1421513604741203,0.10376696150406332,0.10475873995562254,0.12487904255851168,0.09810485300559504,0.10485130087040699
145,0.12888539736022425,0.11230590376898704,0.10252172689211947,0.11763878986035839,0.10514921121259042,0.1054907209295396,0.12491280088979122,0.10159696910227725,0.10149847998411243
146,0.10645836652315903,0.11337538789942725,0.10259987380363852,0.11174692718853482,0.1050220950548516,0.10547010190340626,0.15227715334468464,0.10157433169650718,0.10147576258579072
147,0.10654710927734774,0.10437611513566929,0.098029944312606,0.14830678027129188,0.10034754378975959,0.10087245352164242,0.12675402904846228,0.09911506731908058,0.11565095732414025
148,0.11105161121340519,0.11918711825847572,0.1016541187875313,0.11772265806473056,0.10416445517613593,0.1115819896646156,0.133262011059103,0.10073688956156002,0.10063914821444268
149,0.10472522064178565,0.11723796384372857,0.10002730588642983,0.10917056429769216,0.10259411245039933,0.10292486380209434,0.1651669364310051,0.09912464950488827,0.09902838314197682
150,0.12100964431552033,0.11550590894236823,0.09637218544901557,0.13490930541043009,0.09868592012936758,0.1023402421264692,0.12191119454262482,0.09556311735174726,0.1137024817324569
151,0.10291269102703546,0.11734806701771258,0.09819144151257264,0.14045913847044933,0.10051031194323523,0.10831940809958114,0.13774232525381044,0.09730566800250766,0.09721094867309554
152,0.12108264813617191,0.11109874842750159,0.11341926026243501,0.11399463907559004,0.10711573914274539,0.10649643529632444,0.12176501480767632,0.10256356899022716,0.10246394586132808
153,0.1059582438664248,0.1204891877874051,0.10073336188216012,0.12039636050495636,0.1047323398906087,0.10745625675610848,0.14068196006847672,0.09982464421516327,0.09972764502869638
154,0.12000808105631695,0.10896995421660316,0.0983365368058419,0.11554410841852707,0.11837984077879335,0.1079121277775595,0.13604483213437296,0.09744953854383041,0.09735498026815462
155,0.11820293498516202,0.1047932146369612,0.09746765846396832,0.14456108197965395,0.10045643397143966,0.10691062239818017,0.1345252945618458,0.09658825259011318,0.09649450641267567
156,0.12383282738473755,0.11715954787551415,0.09721211167558205,0.10272864508650872,0.10043854141949646,0.10369004351009699,0.16104655201232246,0.09709575055069339,0.09679598048504819
157,0.1107203379557122,0.1088053984659558,0.10058024132333272,0.11123787770707734,0.10297353063732388,0.11182127320511644,0.15383710395481554,0.09913326368447067,0.10089097306619543
158,0.10670995341987846,0.10495637319564459,0.09958379177340197,0.15162577984316625,0.1126654244010887,0.10542041169497884,0.12195874390357378,0.09858759934795912,0.09849192242030834
159,0.11348166838262796,0.10975088005322738,0.10126174358352016,0.14146489934991371,0.10481704860430008,0.11154762197901764,0.1170767502352528,0.10034843371949284,0.10025095409264743
160,0.13236352754259312,0.10681157037232873,0.10014405857884359,0.13574046339915088,0.10342873807120526,0.11302027204238037,0.11010658629656869,0.09924047224796498,0.09914431144896434
161,0.11977690765443445,0.11865599110133754,0.09923491872415895,0.10567810048215229,0.1016409013492177,0.10888800252603092,0.14729520830110648,0.0991174318224873,0.09971253803907432
162,0.1324298721204006,0.11850820491633277,0.09681995827253792,0.11275518685523393,0.0998349542449416,0.1035048424666509,0.12595109190331347,0.09594588509426875,0.11425000412632016
163,0.11965590500016399,0.10619920396665435,0.0990468260031185,0.13485943197809286,0.101377305104112,0.10148779283953566,0.11910651905082623,0.10129729248927963,0.11696972356821674
164,0.12622135348793154,0.11111969852012862,0.10306798863124841,0.121039446988583,0.10550356335881772,0.1060538240100161,0.12281717310999159,0.1021380368398174,0.10203891505346559
165,0.11895606435141355,0.11694347100482025,0.09780588345283793,0.12856704113149858,0.10017662596385679,0.10729137449320802,0.13428491050438238,0.09769169667155074,0.09828293242643174
166,0.10819434018416856,0.11795500784187987,0.10276669752362862,0.13854352672393544,0.1070520435272064,0.10910773704328051,0.11280012956172385,0.10183971073924818,0.10174080685492855
167,0.10824672148960042,0.11420757864013134,0.10217037114866934,0.1107545442986061,0.10478621693730752,0.10901384167902198,0.1484215534844113,0.10124880078534157,0.10115037153691042
168,0.10430390983181625,0.12461959634650281,0.0988881022172409,0.11363949779844731,0.10616956667267319,0.10489835991139498,0.15178146243806792,0.09789736285616113,0.09780214192769553
169,0.12377401274625954,0.10700524140659895,0.09677891677976846,0.14528400565812163,0.09969489762746765,0.10618041924793578,0.1293074661981261,0.0961622073572989,0.09581283297842294
170,0.12437308722077325,0.10696200464625631,0.1010262484593234,0.12928625007525435,0.10352070863360807,0.107046074201762,0.1276535429465676,0.10011466636221536,0.10001741745423964
171,0.11463800106233221,0.11762270157850507,0.09951794684481191,0.11539786775275236,0.10223781231774978,0.10564777879801453,0.14779352008510577,0.09862006396559225,0.09852430759513617
172,0.12976414462617833,0.10610211103961902,0.09781104364504836,0.12285239227116196,0.10068552514012441,0.10064274093302246,0.14837880976134776,0.09692858975175214,0.0968346428317456
173,0.12466089169955366,0.1173972935074292,0.09755891974931759,0.10571498819457559,0.11858164294695836,0.10038425008832189,0.13443483483859514,0.09759691717993804,0.10367026179531061
174,0.12429730556069515,0.12385778856843621,0.10060778884357044,0.1098950093175596,0.10444724440011162,0.11040648624513946,0.12718473004409264,0.09970020187724458,0.09960344514315024
175,0.10952917364271049,0.10922157123389198,0.10100174686939659,0.11200847482942641,0.10428023972218661,0.10435569278713144,0.14033577082959497,0.10009044014632389,0.11917688993933764
176,0.1060836975590965,0.10935140558529062,0.10054864482367734,0.10864852613099907,0.10455877002485352,0.11225035829680385,0.1402571877424529,0.09964161185713245,0.11865979797969375
177,0.12794769460760916,0.10987055898658922,0.09988926078423957,0.11070344612385634,0.10282234183954979,0.10278369152604298,0.12912769502524796,0.09898820588064797,0.11786710522621698
178,0.10570946576645272,0.10875468986251272,0.10241950570369988,0.13341819078061148,0.10343514184893672,0.1131433039356337,0.13138206873481525,0.10166898594421805,0.10006864742311945
179,0.10223971432302267,0.11998100943309568,0.09945719288282603,0.1054214672147992,0.10250213675451539,0.10915927152936314,0.1642148986426322,0.09856006681969842,0.09846424240004728
180,0.10766780384113725,0.1091962077248975,0.10268552828947249,0.13007931963798133,0.10868691854803529,0.10555394509011898,0.13098103303326203,0.10359042052259518,0.10155882331249988
181,0.13166279892610055,0.1092531965310463,0.10044162896859818,0.11882315516894859,0.10339622989274708,0.11238315270227946,0.12506608954231443,0.09953521900257874,0.09943852926538664
182,0.10799873363136478,0.11577990509335612,0.10572017110999396,0.11507663250380122,0.10892930716950307,0.11600228511210486,0.12106196532137022,0.10476636217325655,0.1046646378852492
183,0.10470023823339883,0.11823359445173272,0.10019841374552611,0.1154312231342179,0.10267473708966919,0.10688722335751902,0.1533822689397369,0.09929445416027863,0.0991978468879207
184,0.12802609807403598,0.11063397365175738,0.10066792267282512,0.13537417632712145,0.10315437178608841,0.11050084115989578,0.1116830921338022,0.09975990969485912,0.10019961449961454
185,0.1274039797244773,0.12302614541490361,0.10108779287627997,0.1188830671556993,0.10488357018458003,0.1040151665656494,0.12017663532861689,0.10044517241231354,0.10007847033747988
186,0.10714416985820083,0.10869001388281355,0.10153348134100344,0.11864803034943658,0.10410421043337947,0.10447620543343883,0.13500127828468186,0.10061727386232196,0.11978533655472356
187,0.11735167236612187,0.11773902127916594,0.09876182590043672,0.10608844418852922,0.10109654000637627,0.1016227105673289,0.16103144666761657,0.09853270617918851,0.09777563284523602
188,0.12908792908697772,0.10738768484920161,0.10027281427912105,0.13462966545935864,0.1037940195382631,0.10317657677200627,0.12198923731850822,0.10039044138198042,0.09927163131458298
189,0.11176178389504354,0.11025670251191537,0.10120167121516924,0.1138355287063206,0.1059231146654452,0.10746504884286676,0.1489937201903569,0.10037115374630283,0.10019127622657957
190,0.1126515391251581,0.1184628087912507,0.09894794490309138,0.12244970614577026,0.10138972439480406,0.10552051822724946,0.14456248087158807,0.09805532191828432,0.0979599556228036
191,0.12034497216069491,0.10827607570543418,0.09974115769890649,0.1165720563405355,0.10209770821681681,0.1026311922777849,0.1527497080185815,0.09884150198217946,0.0987456275990663
192,0.10476800567546869,0.12036595921836961,0.09966107736801702,0.10456042530053919,0.10212100725591904,0.10769729337855649,0.16339847778804767,0.09876187405349314,0.09866587996158914
193,0.13010308022308148,0.10692297053888651,0.10026883167840832,0.12037438006908192,0.1027121406540458,0.10317393276690918,0.13283418463267394,0.10434278974117868,0.0992676896957342
194,0.12738283061949415,0.10740420060052391,0.09937357416424239,0.11140312880353809,0.10450847192929238,0.10907617373854091,0.14349508194529442,0.09880876952781731,0.09854776867125645
195,0.12691160835103854,0.11863382965199379,0.09988688843997313,0.10610407543834759,0.1040746807830037,0.1093494031795638,0.13569156137449248,0.09965837177575801,0.09968958100582895
196,0.11080807275743401,0.11032525404795332,0.10266311098226392,0.12727403455623398,0.10529400402465942,0.11268412307116424,0.1270448490987136,0.10218440071487664,0.10172215074670088
197,0.12735353875666455,0.10816819670515469,0.10039697568255308,0.11906218414982239,0.10602918735001436,0.11337225591576197,0.12600680718221108,0.09993097528203711,0.09967987897578079
198,0.13411469414982108,0.10369695863651611,0.09608042454589383,0.13359196864846234,0.11492985581843362,0.10563898582924376,0.1156104633509886,0.1012155049720235,0.09512114404861718
199,0.11586633365602217,0.10970051369239309,0.10172803092339273,0.13121452904493594,0.10423976444318557,0.10467366923527321,0.1307840126235395,0.10108097567333849,0.10071217070791931
200,0.10623362115369919,0.11328689426705263,0.09913716946874171,0.1441785530032645,0.10167637396524361,0.10879000280782711,0.13030763726444447,0.09824259931478377,0.09814714875494299
201,0.11819573353403941,0.11704630912221972,0.09789092421692851,0.12867968654282227,0.10026373736816305,0.10738053037248638,0.13439783331249275,0.0977766468759105,0.09836859865493736
202,0.13406614157369307,0.10643736355768345,0.09836134968459209,0.1385712977057917,0.10181982132151243,0.10621302616583168,0.10099112796661396,0.09747383468762061,0.11606603733666102
203,0.10708074708152224,0.10737173204070707,0.0994626960289795,0.16169400984002552,0.1127192868270116,0.10234227418936703,0.11229424041835614,0.09856539015929514,0.09846962341473578
204,0.10826295561269657,0.1190750737280071,0.09863688877080212,0.10863398616408497,0.1029216606421667,0.10521412166638444,0.16185573944877352,0.09774721687754634,0.09765235708953816
205,0.11973130748634628,0.10585950057395835,0.10019358340995796,0.1487596328979774,0.10197681550661793,0.10212267039308653,0.12108508331097785,0.10252026732225013,0.09775113909882763
206,0.12612899294262145,0.10635549791574601,0.09880429605521926,0.1251908003932373,0.10124616672199611,0.1052161732626927,0.13571399672873,0.10352597490936266,0.09781810107039453
207,0.11491725483813284,0.11995453807835292,0.09685763314875227,0.11442007727488832,0.10136064318340385,0.10377430426053118,0.15684183849510142,0.09598354078533108,0.09589016993550611
208,0.11712113185027757,0.11708860969445727,0.09978975096522143,0.1044704862271513,0.10066473420509918,0.10118739993902899,0.16420378372890812,0.0981159136181154,0.09735818977174078
209,0.13279463524462384,0.10780985455130412,0.11702598160040396,0.11284274876512841,0.10412325493336841,0.10964362516529684,0.11780469849961159,0.09924372858494251,0.09871147265532043
210,0.1132161346451341,0.10548398307426092,0.09771072924178406,0.15147140149274071,0.10070011181594733,0.10054046461014543,0.11875331512897964,0.09682886676682081,0.11529499322418701
211,0.1083425823084773,0.11252611645830482,0.10368959401640905,0.1293752756099722,0.10613968195939702,0.11008333614244632,0.12443474777407774,0.10275430742015423,0.1026543583107613
212,0.11955134410786236,0.1162550845453733,0.09439456534066026,0.12035186625618892,0.09723668991373013,0.10362862437331169,0.14366759148385955,0.0935427946897756,0.11137143928923816
213,0.10904018190585271,0.11169806718705952,0.10332672756302771,0.11960386783303067,0.10709036764170085,0.10632122730566182,0.13038140558442318,0.10274165046062418,0.10979650451861936
214,0.12348205680687445,0.1078285231422641,0.09986747050763345,0.1252494690786279,0.10247110551471914,0.10959172790265151,0.13367272253725973,0.09896650307560488,0.09887042143436485
215,0.10259471255010259,0.11976182429558173,0.10023290987350512,0.10726366940917784,0.10260218360214823,0.1031385925649015,0.1658453900455477,0.09932859970954387,0.09923211794949137
216,0.1186817190609889,0.1301637460810371,0.0986243765978074,0.10422376373932721,0.10095358425014664,0.10177620883966723,0.1447644915204916,0.10127723750817999,0.09953487240235394
217,0.10564705143740398,0.10907071170852449,0.10031455205665911,0.10506371617077863,0.12070052325170524,0.10691625554431419,0.14613663932217352,0.09964965843204207,0.10650089207639875
218,0.11072244749838378,0.11627800879615813,0.10510879092808889,0.11887607367401662,0.10770435336931054,0.10815414504980447,0.1249361588825166,0.10416056280744379,0.10405945899427724
219,0.1235892873621377,0.1100008204409652,0.09996314229894067,0.1183866078226365,0.10376810584589206,0.1097168219340949,0.13654951186199382,0.09906100960291439,0.09896469283042472
